2500	1	1	7.152e-06	7.152e-06	0.000156964	0.314869	1.3299e-05
10000	1	1	1.0605e-05	1.0605e-05	0.000751733	5.06785	1.5652e-05
22500	1	1	1.2622e-05	1.2622e-05	0.00173073	25.6765	1.6737e-05
40000	1	1	8.043e-06	8.043e-06	0.00311502	81.593	1.8707e-05
62500	1	1	7.67e-06	7.67e-06	0.0050235	199.157	2.0889e-05
90000	1	1	7.657e-06	7.657e-06	0.00752498	413.05	2.8087e-05
122500	1	1	7.942e-06	7.942e-06	0.0100324	765.884	2.2503e-05
160000	1	1	8.592e-06	8.592e-06	0.0130565	1303.32	2.4603e-05
2500	2	1	1.948e-06	1.88e-06	0.000253966	0.155386	0.000107292
10000	2	1	1.938e-06	1.837e-06	0.000605362	2.52037	0.00467506
22500	2	1	2.14e-06	1.851e-06	0.00443914	12.766	0.0294225
40000	2	1	2.101e-06	1.818e-06	0.0570472	40.402	0.0945089
62500	2	1	1.996e-06	1.996e-06	0.0267029	99.2557	0.272292
90000	2	1	2.211e-06	1.92e-06	0.0488761	205.77	0.417966
122500	2	1	2.168e-06	1.986e-06	0.371287	380.671	0.440344
160000	2	1	2.242e-06	2.001e-06	0.620411	649.443	0.750554
202500	2	1	2.268e-06	1.981e-06	1.81349	1041.13	0.404132
250000	2	1	2.367e-06	2.158e-06	2.02103	1589.48	1.53102
2500	4	1	2.171e-06	2.11e-06	0.00110851	0.0792584	4.4017e-05
10000	4	1	2.276e-06	2.155e-06	0.00759521	1.26605	0.000624193
22500	4	1	2.274e-06	1.96e-06	0.0305978	6.41012	0.00250578
40000	4	1	2.177e-06	1.953e-06	0.0906802	20.2552	0.00707127
62500	4	1	2.287e-06	2.287e-06	0.223521	49.4413	0.0184515
90000	4	1	2.366e-06	2.181e-06	0.726928	102.792	0.0563167
122500	4	1	2.32e-06	2.308e-06	0.791422	191.161	0.133268
160000	4	1	2.36e-06	2.36e-06	1.32563	326.11	0.246236
202500	4	1	1.807e-06	1.807e-06	2.12687	522.352	0.338162
250000	4	1	2.59e-06	2.407e-06	2.83302	796.318	0.350218
2500	16	1	2.803e-06	2.632e-06	0.00158988	0.019857	0.000637173
10000	16	1	4.755e-06	2.312e-06	0.00795073	0.316299	0.00108244
22500	16	1	3.393e-06	3.069e-06	0.0416223	1.59979	0.00116489
40000	16	1	2.848e-06	2.18e-06	0.113139	5.05566	0.00642813
62500	16	1	2.994e-06	2.595e-06	0.236894	12.3431	0.022938
90000	16	1	2.723e-06	2.239e-06	0.497099	25.5996	0.0601879
122500	16	1	3.044e-06	2.624e-06	0.874769	47.5452	0.0576379
160000	16	1	3.02e-06	2.731e-06	1.52093	81.0931	0.159169
202500	16	1	3.39e-06	3.249e-06	2.41161	129.893	0.22882
250000	16	1	3.163e-06	2.912e-06	4.0084	197.813	0.693219
2500	24	1	3.56e-06	2.789e-06	0.00270432	0.0133744	0.000661246
10000	24	1	3.48e-06	2.971e-06	0.00585683	0.210536	0.000649859
22500	24	1	3.497e-06	2.838e-06	0.0319695	1.06265	0.00431046
40000	24	1	3.378e-06	2.971e-06	0.0461725	3.35498	0.0113967
62500	24	1	3.084e-06	2.909e-06	0.116133	8.23487	0.0308107
90000	24	1	2.963e-06	2.494e-06	0.175955	17.066	0.0639188
122500	24	1	2.868e-06	2.85e-06	0.30859	31.6526	0.104881
160000	24	1	3.08e-06	2.816e-06	0.502057	54.0254	0.187149
202500	24	1	2.983e-06	2.889e-06	0.800002	86.5411	0.298669
250000	24	1	3.13e-06	3.13e-06	1.22665	131.889	0.457394
2500	4	2	0.265825	0.000102633	0.000158013	0.079508	0.00176832
10000	4	2	0.342122	0.000299517	0.000527349	1.27695	0.0206082
22500	4	2	0.358102	0.000606145	0.00175307	6.45984	0.107287
40000	4	2	0.637117	0.00107023	0.0031449	20.416	0.344813
62500	4	2	0.430885	0.00169415	0.00525114	50.2119	0.874623
90000	4	2	0.836884	0.00239726	0.00785162	104.191	1.85131
122500	4	2	0.557909	0.00327224	0.0104535	192.981	3.28834
160000	4	2	2.72736	0.00428167	0.0137306	330.151	5.73909
202500	4	2	0.641422	0.00547542	0.0172262	532.386	9.27616
2500	8	2	0.318404	7.0399e-05	0.000572853	0.0397365	0.00063181
10000	8	2	0.337391	0.000157391	0.00131339	0.629592	0.000829205
22500	8	2	0.348203	0.000355499	0.00537341	3.23684	0.0530314
40000	8	2	0.645315	0.000586405	0.0186537	10.2361	0.171045
62500	8	2	0.401608	0.000891526	0.0438449	24.9883	0.424278
90000	8	2	0.699724	0.0012241	0.156763	51.9116	0.959804
122500	8	2	0.422561	0.00170663	0.17788	96.6556	1.62877
160000	8	2	1.74378	0.00213289	0.303992	164.879	2.79235
2500	16	2	0.328943	1.9787e-05	0.000312819	0.0198896	0.000728973
10000	16	2	0.345977	0.000127028	0.0034859	0.31217	0.000945253
22500	16	2	0.385557	0.00021161	0.038667	1.61738	0.0214337
40000	16	2	0.754616	0.000338571	0.0610284	5.08467	0.0377168
62500	16	2	0.38422	0.000513086	0.0515656	12.4403	0.118191
90000	16	2	0.668473	0.000746822	0.105239	25.8045	0.257238
122500	16	2	0.368753	0.000974335	0.191955	47.7959	0.475606
160000	16	2	1.9119	0.00125135	0.330747	81.5669	0.826004
202500	16	2	0.42029	0.00161697	0.559961	131.23	1.26779
2500	24	2	0.333386	1.9035e-05	0.000578254	0.0133183	0.000733185
10000	24	2	0.363575	8.7789e-05	0.00639882	0.211109	0.00212207
22500	24	2	0.308968	0.000166966	0.0209638	1.06501	0.00840533
40000	24	2	0.584191	0.000251839	0.0316902	3.37233	0.0214256
62500	24	2	0.336141	0.000378171	0.101123	8.27658	0.0477834
90000	24	2	0.5828	0.000507131	0.134104	17.1804	0.1194
122500	24	2	0.339515	0.000667401	0.238591	31.8266	0.214705
160000	24	2	2.13096	0.000887131	0.412098	54.2927	0.368003
202500	24	2	0.429801	0.00108878	0.678851	86.969	0.607104
2500	16	4	0.350785	0.000104662	0.00014361	0.0199647	0.000656345
10000	16	4	0.310614	0.000258415	0.000401828	0.319439	0.010731
22500	16	4	0.390537	0.000519108	0.00110478	1.61758	0.0521707
40000	16	4	0.648898	0.000918956	0.00190193	5.11563	0.168021
62500	16	4	0.387142	0.00137672	0.00294966	12.489	0.416891
90000	16	4	0.70436	0.00198091	0.00430713	25.9407	0.905263
122500	16	4	0.485397	0.00269919	0.00638528	48.304	1.60893
160000	16	4	1.80447	0.00340005	0.00886762	82.4457	2.79472
202500	16	4	0.459036	0.0043229	0.0112592	132.065	4.43167
